6283824401149
6283824401149
996999777058
77773389061
79253827332
996551506039
996700186003
79610150895
6283197402533
6283145810716
79062738897
6283167978441
6283173103801
79600391085
79600519971
79657291307
77714817096
996555053846
84938550670
77007322068
77076765118
79771290893
79057325985
77772942019
77007322585
6283125879279
6285795614205
77762492696
77783456302
996555053814
77762512405
77769851090
77474606531
77783455619
77714814468
77007322150
77783449063
996550433383
77783451614
77769852980
996555053882
77057704578
77474606094
77078428053
79775735904
77711196596
996704534688
79959729801
989160459678
6283162743335
6283193220683
6283821535118
6283187617788
996550002859
77787873832
996551122283
77058120186
639356804073
6283137575617
996777773668
6283844918260
6283820391078
6283161608806
6283191384898
996555056826
996557755289
77767112498
6283129373169
996550052311
6283820962996
996555015981
996555058431
77472477133
6283820760338
6283863769613
6285795601932
6283826043196
6283121365454
